16
0 148 141 127 197 106 106 181 111 126 145 113 174 184 140 160
148 0 150 120 130 189 141 126 168 101 178 100 124 145 193 188
141 150 0 148 111 141 173 134 142 190 188 110 167 116 119 137
127 120 148 0 123 125 152 124 123 173 158 116 158 130 187 200
197 130 111 123 0 103 149 141 198 106 135 164 161 102 126 187
106 189 141 125 103 0 173 177 149 145 107 160 173 138 190 172
106 141 173 152 149 173 0 149 109 148 149 165 119 141 102 137
181 126 134 124 141 177 149 0 158 103 111 138 169 140 130 155
111 168 142 123 198 149 109 158 0 183 111 125 137 170 101 137
126 101 190 173 106 145 148 103 183 0 100 116 113 175 154 135
145 178 188 158 135 107 149 111 111 100 0 101 142 158 145 147
113 100 110 116 164 160 165 138 125 116 101 0 111 146 126 108
174 124 167 158 161 173 119 169 137 113 142 111 0 144 157 194
184 145 116 130 102 138 141 140 170 175 158 146 144 0 120 121
140 193 119 187 126 190 102 130 101 154 145 126 157 120 0 100
160 188 137 200 187 172 137 155 137 135 147 108 194 121 100 0